0
284 281 279 277 275 272 270 268 266 265 264 263 262 263 264 265 266 268 272 276 278 280 282 285 303 306 309 312 316 317 318 321 322 323 324 326 325 324 323 322 321 319 319 313 312 310 309 308 306 305 
120 121 122 123 124 126 129 130 133 135 137 139 141 158 166 168 170 173 178 181 182 183 184 185 184 183 182 180 177 175 174 170 167 164 159 148 145 141 137 135 133 132 130 124 124 122 122 121 121 120 
1
299 294 291 288 284 283 282 281 282 283 284 290 292 295 307 310 313 312 311 310 309 308 307 306 305 304 303 302 305 312 314 316 317 318 319 320 321 322 323 324 325 326 325 324 323 321 314 312 310 307 
105 107 108 110 115 117 119 121 131 135 137 144 145 146 145 144 146 150 156 160 163 166 168 171 173 175 177 187 189 190 189 186 184 182 178 176 172 170 166 161 157 130 126 121 118 115 109 108 107 106 
2
283 279 277 281 293 301 304 310 311 309 304 297 293 281 278 278 280 283 284 286 287 291 293 298 301 306 321 322 320 309 301 304 308 311 313 316 322 323 324 325 326 325 324 322 320 314 312 310 307 286 
122 125 127 139 137 137 138 145 152 156 161 160 158 159 162 173 177 181 185 189 193 197 199 203 204 206 204 194 192 190 181 179 178 177 176 174 167 165 163 159 142 138 136 133 130 125 124 123 122 121 
3
277 273 276 285 289 293 286 278 279 286 290 294 292 288 282 274 268 269 276 277 279 284 287 290 296 304 306 305 299 294 292 294 299 301 304 306 308 307 305 303 302 303 304 305 306 305 304 302 296 293 
117 119 130 130 131 136 143 146 156 159 160 165 172 175 170 169 174 185 191 194 197 204 205 207 208 208 206 198 197 194 192 187 185 183 180 176 172 161 157 153 151 149 147 143 132 129 127 124 119 118 
4
315 304 307 308 306 304 299 295 290 286 281 279 279 280 269 267 266 264 263 265 266 270 272 270 269 271 274 279 282 296 301 305 309 312 313 314 315 316 315 314 313 314 318 319 320 321 322 321 320 319 
131 144 148 154 157 161 165 166 166 165 161 157 147 136 133 135 139 142 161 164 167 172 177 180 198 202 207 210 212 213 211 210 207 203 201 199 197 194 183 180 178 174 169 167 165 163 160 141 138 136 
5
281 278 277 275 273 271 270 272 273 282 286 290 295 311 312 310 308 318 323 324 325 324 323 325 326 328 327 326 324 322 320 312 309 308 307 306 299 296 293 285 284 283 284 285 286 287 288 292 293 292 
119 123 128 132 134 138 155 160 164 174 176 178 179 184 193 199 202 211 204 201 194 186 179 174 172 169 160 157 154 153 152 153 155 157 159 165 167 166 165 156 151 148 144 141 139 137 135 130 123 121 
6
273 267 264 259 258 260 261 259 258 258 259 262 266 269 273 286 285 287 295 299 300 298 299 299 295 286 284 282 280 278 276 272 271 278 282 284 283 280 277 272 277 280 282 291 293 294 295 291 289 284 
124 127 128 134 151 155 159 162 166 180 184 188 192 194 195 201 212 215 216 211 201 198 190 179 175 174 175 178 181 182 181 176 172 167 166 155 153 152 151 144 140 139 140 143 142 140 138 127 126 125 
7
307 291 286 282 279 280 286 289 305 309 307 299 295 291 282 277 273 268 263 262 260 261 253 248 247 247 248 250 251 254 265 268 271 275 295 299 304 310 314 316 318 319 321 322 321 320 319 318 316 310 
130 129 132 136 141 155 162 163 163 166 169 177 180 181 181 180 177 172 166 162 158 136 134 136 146 157 166 169 173 177 188 190 191 193 194 192 191 186 183 182 179 177 173 170 150 147 144 142 139 132 
8
263 260 259 259 258 259 260 262 263 268 272 274 278 293 300 301 303 310 312 313 314 311 304 302 301 300 299 292 290 289 288 285 284 282 280 279 276 276 273 273 272 272 271 271 272 272 271 271 270 269 
131 144 164 166 170 177 184 189 191 197 200 201 202 201 200 198 197 189 186 184 169 168 166 167 169 177 180 188 189 189 190 190 189 189 187 187 184 183 180 178 177 173 172 171 170 134 133 132 132 131 
9
274 270 266 263 262 260 261 263 264 265 266 267 268 269 270 271 272 273 274 276 277 272 273 274 287 289 290 289 288 287 286 285 284 283 282 281 282 289 292 298 299 300 301 300 299 298 297 296 291 288 
129 131 133 137 140 144 154 158 160 164 168 170 172 176 178 181 183 186 189 192 196 205 214 216 212 209 206 195 192 187 185 183 181 178 175 173 170 169 168 163 161 159 156 145 141 138 137 135 131 130 
10
282 279 292 298 292 288 284 283 285 289 293 300 301 296 293 287 281 267 268 269 275 279 283 301 304 307 313 314 317 318 317 319 329 331 333 334 336 339 341 341 339 313 311 309 308 304 302 300 297 285 
44 48 58 63 71 73 74 85 87 89 90 96 100 106 107 107 101 98 110 113 118 120 122 121 119 118 111 104 98 103 120 123 124 122 89 64 61 60 58 48 46 46 48 53 50 47 46 45 44 43 
11
246 243 253 261 258 253 249 254 260 266 266 259 250 246 233 236 245 249 265 270 278 280 284 286 288 296 298 296 299 306 308 310 313 321 323 329 327 278 276 281 283 275 272 272 273 273 272 268 263 259 
100 105 112 116 126 128 140 142 144 150 157 162 162 156 161 167 173 175 175 173 164 151 152 170 174 175 151 116 113 113 133 171 174 126 113 109 100 100 111 113 124 136 136 133 130 111 108 103 101 99 
12
264 262 264 291 288 280 275 270 269 267 268 274 277 292 296 291 287 284 280 268 274 276 277 279 286 291 305 298 296 301 306 310 311 312 311 310 307 304 302 287 284 307 310 311 313 315 317 318 317 316 
117 119 130 131 134 134 135 139 142 146 157 164 165 167 172 176 177 175 173 175 189 192 195 198 205 208 198 194 190 189 185 181 176 165 162 160 156 154 153 152 150 148 136 134 133 132 131 129 119 118 
13
289 285 280 280 282 257 259 290 272 264 266 272 290 294 289 281 277 264 270 273 275 285 297 292 290 290 298 303 305 305 304 301 297 279 279 300 302 307 310 311 309 301 298 296 293 292 296 303 306 305 
99 101 110 125 129 135 144 148 150 162 175 179 181 185 190 192 190 191 203 206 211 221 211 209 207 204 203 197 192 178 174 170 169 167 164 162 160 145 144 136 134 132 129 127 123 120 113 112 110 101 
14
255 255 282 285 289 285 277 274 273 275 286 294 294 287 278 270 269 267 259 258 259 262 264 265 269 272 276 280 287 291 294 297 299 303 304 305 308 309 310 309 308 307 306 303 302 303 304 309 311 312 
113 128 127 129 133 140 141 143 152 155 156 163 167 174 174 167 165 164 166 175 177 181 182 183 186 187 188 189 190 189 188 187 186 183 181 180 176 173 162 158 156 154 152 148 145 143 128 126 125 115 
15
319 304 235 234 265 272 266 258 256 257 264 271 276 274 270 264 260 256 250 241 243 245 250 254 259 278 280 285 287 289 290 288 290 292 296 299 304 298 297 299 309 315 316 314 312 307 304 289 285 286 
123 121 124 134 136 141 150 151 154 162 164 165 176 181 184 185 183 182 175 182 186 190 194 195 197 196 194 190 186 183 172 167 165 163 161 162 172 179 187 190 189 182 163 160 155 151 150 150 142 135 
16
257 255 257 262 264 262 263 265 266 269 271 273 276 280 284 298 299 303 307 308 298 296 294 289 286 284 279 277 276 275 274 276 277 292 295 288 285 286 288 298 305 306 307 308 307 308 310 316 315 314 
116 127 129 146 148 152 170 175 178 182 184 186 189 190 192 193 191 190 188 178 179 180 181 180 179 178 174 171 169 164 152 131 130 129 153 156 166 168 169 168 163 161 159 156 137 130 129 126 118 117 
17
267 264 267 278 279 279 244 242 245 250 251 253 254 260 263 268 284 290 296 283 272 269 264 263 263 264 278 280 282 275 273 275 284 289 291 294 295 297 302 301 296 291 290 289 288 287 285 281 279 277 
119 122 130 138 142 147 148 153 160 183 198 208 211 218 219 222 223 221 209 210 210 209 203 198 164 161 161 163 172 188 191 199 199 198 196 191 163 161 158 149 148 140 135 132 130 128 125 122 121 120 
18
302 287 292 300 301 271 276 278 266 268 267 257 241 248 256 256 252 242 250 256 261 258 253 248 243 240 238 229 229 234 239 260 265 270 272 275 279 280 287 290 294 306 315 316 318 323 323 314 312 310 
105 103 116 126 131 135 146 165 165 160 140 132 133 144 148 155 158 163 174 177 182 189 194 194 192 189 185 183 193 197 204 206 204 197 189 183 183 197 207 149 145 207 185 174 147 144 134 129 124 117 
19
278 277 278 285 290 271 267 261 242 239 249 255 253 245 244 249 257 261 255 248 241 230 229 237 242 260 266 271 273 276 280 284 293 293 296 301 303 305 315 318 320 324 326 319 316 314 312 310 300 295 
107 122 134 137 140 143 148 143 142 146 155 157 167 170 182 185 187 197 203 203 196 196 204 214 216 216 214 211 207 203 197 218 216 160 157 157 169 213 217 214 157 155 144 141 136 131 126 122 112 109 
20
285 274 271 270 264 263 259 254 250 234 231 239 250 250 245 240 237 238 242 249 256 249 242 232 221 223 226 233 236 253 258 262 269 270 273 274 277 286 287 288 287 286 287 289 292 293 294 293 288 287 
88 87 89 92 104 109 106 103 101 102 106 117 120 123 128 130 133 143 146 147 155 163 164 153 162 166 171 175 177 178 176 174 166 156 156 176 178 177 176 147 131 120 118 117 115 113 104 102 98 91 
22
220 257 260 257 243 239 234 228 227 229 230 239 258 262 272 273 278 283 288 294 294 293 292 286 284 283 281 291 294 296 298 301 303 304 305 306 305 297 295 276 274 272 309 311 309 297 294 269 229 222 
136 145 147 151 150 152 153 160 177 182 185 193 194 199 202 172 166 165 165 171 175 177 179 183 184 188 194 196 195 194 193 191 188 186 183 165 161 154 153 152 153 150 146 135 134 135 134 133 134 135 
23
320 318 307 274 235 234 233 247 249 254 255 255 254 251 249 246 239 240 242 244 245 246 247 253 255 257 259 263 266 272 288 296 298 300 304 311 313 314 314 313 313 316 318 318 319 320 320 321 321 320 
127 126 127 128 129 130 139 140 141 147 149 151 154 158 159 160 162 175 178 181 184 185 187 192 193 194 195 197 198 199 200 199 198 198 201 202 201 199 171 170 143 140 140 139 138 138 137 136 129 128 
24
261 259 261 287 289 288 285 278 275 271 270 268 267 266 267 268 270 272 273 277 280 289 293 296 298 302 303 304 305 307 312 315 316 317 318 319 329 332 331 330 331 330 331 335 337 338 337 336 308 304 
153 164 166 167 170 173 175 176 177 180 181 184 186 198 202 204 207 208 209 212 213 214 213 212 211 206 202 170 168 167 166 178 184 219 223 225 227 209 204 200 191 169 167 164 163 161 153 152 151 152 
25
257 256 261 262 265 264 263 264 267 268 272 274 275 276 277 279 280 296 297 298 300 301 302 303 303 306 313 313 316 316 315 315 314 314 315 315 316 317 318 320 322 322 320 313 312 297 296 266 266 265 
133 135 148 157 163 165 167 182 188 189 193 193 194 194 195 195 196 196 195 195 193 194 194 195 205 208 208 207 204 181 180 175 174 148 147 146 145 145 144 144 142 133 131 131 132 132 131 131 132 133 
27
253 252 251 253 287 291 293 294 295 296 290 288 283 280 275 274 276 281 286 289 288 286 257 256 255 259 261 262 263 271 275 278 291 295 297 298 300 310 309 308 309 310 312 314 316 315 314 313 307 306 
123 127 134 135 136 135 136 138 147 167 172 173 174 173 167 162 159 155 154 144 142 141 142 143 151 154 169 172 175 182 184 185 186 185 194 196 197 195 184 170 138 135 134 133 132 124 123 122 122 123 
28
260 259 260 261 277 274 271 266 265 267 268 267 268 269 270 272 275 276 279 281 284 290 306 309 312 314 316 318 321 322 325 326 329 331 332 331 330 329 328 327 322 324 334 336 335 321 303 290 283 262 
130 132 139 141 142 143 145 153 161 165 170 173 182 186 189 192 196 197 199 200 201 202 204 203 202 201 200 199 197 195 193 191 187 182 178 159 155 153 150 148 142 141 140 130 128 127 128 127 128 129 
29
262 261 263 316 320 318 293 291 292 294 291 287 285 282 279 270 268 267 268 269 270 271 277 279 281 283 302 304 308 309 312 313 314 313 315 317 321 320 321 322 324 334 335 336 338 340 344 343 342 264 
134 142 145 146 149 151 154 156 166 180 181 178 176 172 161 162 163 165 177 180 182 184 191 192 193 194 193 192 189 188 184 181 171 169 168 167 177 190 205 207 208 206 171 151 148 147 144 135 134 133 
30
249 250 277 265 259 256 253 256 259 262 278 281 278 276 269 265 262 252 258 260 262 264 270 275 284 286 281 277 276 284 291 292 294 295 298 303 304 305 306 308 315 316 317 318 319 321 325 326 325 324 
113 125 127 129 132 133 150 156 159 161 162 166 170 172 173 171 169 179 184 188 191 196 201 202 203 201 192 189 185 184 178 175 171 162 158 159 161 185 187 188 187 186 138 130 128 127 124 122 115 114 
31
238 236 235 237 292 294 298 296 295 290 287 285 280 273 262 258 269 276 277 275 271 264 258 255 253 244 241 242 245 254 258 264 272 275 280 282 287 288 292 296 297 298 308 312 313 315 316 315 314 274 
127 129 137 139 141 143 146 151 158 160 155 153 149 147 148 151 161 164 168 171 175 174 169 167 160 159 163 171 175 184 187 188 190 188 187 185 179 176 173 176 200 202 200 141 140 139 137 130 129 128 
32
268 266 268 300 300 295 291 286 283 279 275 274 273 272 271 272 273 274 275 276 278 279 286 287 291 299 298 289 288 286 284 285 286 289 290 293 295 300 304 307 309 311 312 313 314 315 317 329 328 327 
141 143 153 155 159 163 164 165 166 169 172 174 176 178 182 189 194 196 199 201 202 204 205 213 214 213 203 201 196 195 191 186 183 181 179 178 177 175 174 173 172 169 167 164 157 155 154 151 143 142 
33
274 273 274 275 305 307 308 302 298 295 293 291 289 284 282 281 280 281 282 283 285 291 294 297 302 312 319 322 325 327 333 335 336 337 336 335 334 333 330 328 326 319 320 322 323 325 329 338 340 276 
140 142 149 150 152 153 156 160 161 162 163 164 165 171 175 179 190 195 198 200 203 208 210 211 212 213 212 211 209 208 203 200 196 194 187 178 175 173 169 166 165 164 161 156 154 153 152 151 141 139 
34
244 243 245 284 286 265 259 259 261 266 289 294 288 284 275 272 263 260 252 250 252 261 265 268 270 292 295 297 299 301 306 307 308 309 308 307 301 298 275 275 297 299 300 301 302 304 312 313 314 246 
115 123 125 127 129 132 140 152 157 161 162 166 174 176 175 173 164 162 163 166 175 183 185 186 187 188 187 186 185 184 178 176 173 162 159 157 152 151 150 144 143 142 140 129 127 126 125 124 116 114 
35
256 253 254 257 287 285 282 277 273 268 266 263 261 262 268 270 274 277 280 298 302 305 313 314 312 307 290 287 284 283 281 276 275 277 283 287 291 294 299 302 303 304 305 306 308 314 318 317 316 259 
96 100 108 110 111 114 116 117 119 122 124 129 133 155 162 164 168 169 171 172 170 169 162 147 143 138 138 140 143 148 154 148 142 138 132 130 129 127 125 123 121 119 113 111 110 109 107 97 96 95 
36
244 242 244 247 251 252 253 254 256 257 260 265 274 278 280 282 286 287 288 289 291 293 295 296 297 298 299 300 302 303 310 313 313 312 312 313 313 314 315 317 318 319 319 320 320 317 282 281 276 275 
123 133 136 137 140 163 167 169 172 173 175 177 178 177 176 175 170 168 140 138 137 136 137 139 156 173 194 196 197 198 198 195 183 182 140 139 138 137 137 135 135 134 133 132 124 121 121 122 122 123 
37
274 273 316 297 294 291 288 286 282 280 279 278 279 280 282 283 284 286 287 290 292 294 307 308 307 305 301 299 297 295 292 291 290 292 296 302 304 313 315 316 317 326 328 329 333 335 336 338 337 336 
129 139 144 150 151 152 154 155 160 161 164 166 183 189 192 193 195 196 197 199 200 201 202 194 192 191 190 189 188 187 183 181 173 169 166 164 163 162 163 197 202 204 203 201 142 141 140 139 131 130 
38
258 255 254 256 259 262 259 254 255 258 261 263 267 272 276 288 293 297 299 307 309 311 314 316 315 289 288 290 293 295 297 288 285 281 276 273 270 273 276 282 284 285 286 285 284 283 277 265 262 260 
126 132 144 148 151 153 156 159 169 174 177 179 182 183 185 184 182 184 197 197 139 137 135 133 124 123 134 136 137 140 162 170 171 173 170 169 167 164 162 155 152 149 135 133 131 129 125 123 124 125 
39
244 243 245 279 281 278 267 263 258 256 250 249 251 252 260 263 267 275 281 282 291 299 300 298 293 296 297 297 293 282 277 274 270 266 264 262 261 262 269 282 291 292 293 294 303 305 306 305 304 246 
105 113 115 117 119 121 122 124 125 127 134 149 154 158 167 168 170 171 175 178 188 187 179 177 170 167 163 152 148 148 153 159 158 153 150 146 144 141 136 135 136 134 133 120 116 115 113 106 105 104 
40
265 259 260 264 262 261 263 265 273 292 299 302 304 312 313 313 315 320 319 293 291 292 296 298 299 300 294 291 287 283 281 279 275 274 275 289 291 287 275 272 273 275 284 287 288 287 281 273 270 267 
129 143 152 157 161 176 180 184 191 192 190 200 202 201 166 143 141 138 129 129 131 139 140 141 143 172 177 178 179 180 179 178 173 170 167 161 152 151 149 144 142 143 145 141 133 131 127 126 127 128 
41
239 237 238 240 290 287 252 248 246 244 242 241 242 243 244 247 250 252 255 268 272 274 276 278 278 279 279 281 281 282 287 288 289 292 292 294 301 303 303 307 308 309 310 310 311 311 310 310 309 308 
113 123 125 126 129 136 137 139 140 143 146 149 161 164 166 170 172 173 174 173 171 170 167 165 163 162 152 150 149 148 148 149 149 152 186 188 188 186 130 126 126 125 125 124 123 116 115 114 114 113 
42
263 260 261 263 266 268 269 270 271 272 277 280 282 283 285 286 291 292 298 299 300 301 303 304 306 306 307 307 308 309 315 316 317 317 318 318 320 321 321 322 323 325 326 326 327 327 326 326 325 324 
110 119 121 122 123 124 149 151 155 158 164 166 166 167 167 168 168 169 169 168 168 167 167 166 168 182 183 184 184 185 185 184 184 183 182 127 125 125 124 123 123 121 121 120 119 113 112 111 111 110 
43
317 290 231 229 232 235 236 238 239 242 245 248 262 266 270 278 281 284 289 295 298 300 300 294 291 289 290 301 305 307 310 311 312 313 314 313 312 310 307 304 302 299 284 280 281 282 284 316 317 318 
110 109 113 121 122 124 131 148 157 161 164 166 168 166 181 185 151 146 142 143 145 149 153 159 161 163 173 171 169 168 166 164 162 160 158 143 140 137 133 131 130 129 130 129 126 123 122 121 120 112 
44
256 255 256 286 293 295 296 295 276 273 270 267 264 263 262 261 260 261 262 263 264 265 268 271 275 278 291 292 295 299 300 300 301 302 308 309 310 310 311 311 310 310 314 316 318 318 317 316 271 270 
119 121 132 133 132 133 135 138 137 138 140 142 146 148 151 154 164 166 169 171 173 175 177 179 181 182 183 181 180 181 192 193 193 194 194 193 193 192 191 149 148 136 132 132 130 121 121 120 120 119 
45
247 246 248 260 264 266 264 250 246 244 242 241 243 245 251 256 270 273 275 278 279 283 292 294 302 304 308 311 313 311 285 284 285 287 289 291 292 291 290 289 282 279 278 279 278 277 275 273 269 249 
124 132 134 136 138 142 149 152 155 157 160 173 177 181 186 187 187 186 182 178 166 164 196 198 198 196 138 136 134 123 124 133 135 136 137 138 140 148 150 151 152 148 144 137 133 130 127 126 124 123 
46
307 305 288 275 255 232 229 230 255 257 258 259 251 248 245 242 240 238 237 236 237 238 240 243 247 264 266 268 270 271 272 286 289 290 291 292 300 302 303 302 301 300 301 302 304 305 307 308 308 307 
116 115 116 117 118 122 123 130 131 132 133 139 142 143 144 145 150 151 154 165 168 170 173 175 177 178 177 176 173 171 158 154 168 177 181 188 190 189 187 171 144 136 131 129 128 127 126 124 118 117 
47
245 242 243 245 262 264 266 264 263 260 258 249 250 251 252 254 254 261 262 263 264 265 267 268 270 271 287 288 291 292 292 294 303 304 304 305 305 306 307 308 310 310 312 312 310 310 302 301 257 256 
102 111 113 114 116 117 120 124 126 128 129 130 141 144 146 150 151 158 158 159 159 160 160 161 161 162 162 161 161 162 174 176 176 175 118 117 116 115 115 114 114 113 111 103 101 100 100 101 101 102 
48
260 258 260 281 283 286 287 288 289 287 282 266 264 263 264 265 266 268 273 276 278 280 283 289 297 298 296 293 290 288 286 283 282 278 277 276 282 288 291 294 297 299 300 301 303 305 307 308 306 281 
111 121 123 124 125 129 131 134 137 140 144 145 148 165 168 170 172 175 181 183 184 185 186 187 185 179 178 176 175 174 173 172 170 165 163 161 158 157 156 154 150 146 142 130 126 125 124 122 113 112 
49
229 288 291 283 279 276 273 269 265 252 247 244 242 240 239 239 240 243 248 253 256 270 269 265 261 257 251 250 253 258 262 266 277 280 290 292 293 295 297 306 304 305 309 311 312 313 312 310 244 233 
116 124 126 129 131 132 134 131 130 130 132 134 136 139 145 165 169 173 178 182 183 183 175 174 171 169 162 154 148 143 143 153 154 150 143 146 170 184 186 151 134 126 124 123 122 115 113 112 113 115 
50
258 257 255 292 294 295 295 292 278 275 273 271 266 263 262 263 265 272 276 280 281 290 291 295 297 297 300 307 308 309 309 310 310 311 312 313 314 315 316 316 317 318 318 317 316 316 315 314 293 292 
108 111 118 120 121 123 127 126 125 126 127 128 134 146 154 157 160 166 168 169 170 170 169 169 171 180 183 183 182 182 181 180 122 121 121 120 120 119 119 118 117 117 110 110 109 108 108 107 107 108 
51
240 238 240 245 248 251 255 258 267 268 262 260 258 256 246 244 247 256 261 264 267 270 283 282 281 274 272 270 268 271 274 277 279 281 282 281 290 294 295 297 303 304 305 306 309 311 313 314 313 312 
94 104 106 118 123 126 129 130 129 132 139 140 141 142 144 145 154 160 166 168 169 170 167 160 159 158 157 156 152 150 148 144 140 136 111 108 106 166 168 169 170 168 167 111 107 106 105 103 96 95 
52
240 239 241 247 248 249 250 251 254 255 259 262 265 266 279 280 282 285 285 286 286 287 288 295 296 297 297 298 298 299 299 300 301 303 304 305 305 306 306 305 305 304 303 302 266 265 255 254 242 241 
114 116 126 130 150 154 157 160 164 165 168 169 170 171 171 170 170 173 185 186 187 187 188 188 187 187 186 185 130 129 128 127 127 125 125 124 123 122 115 114 113 112 112 111 111 112 112 113 113 114 
53
254 251 276 281 282 282 278 274 260 259 257 258 260 262 266 271 274 277 283 292 293 294 293 291 288 284 282 274 273 274 276 279 283 285 288 304 306 307 308 309 312 322 323 325 327 329 330 329 328 256 
122 126 136 140 144 149 153 155 156 160 163 173 178 183 188 193 194 196 197 197 196 188 186 185 184 183 182 175 173 169 168 167 166 165 166 167 168 170 172 176 197 194 137 134 133 132 130 123 122 121 
54
248 247 252 268 279 265 260 256 254 255 257 258 258 260 266 269 272 278 283 298 299 295 280 273 272 278 281 290 291 301 305 304 303 302 296 294 291 284 284 287 296 297 298 307 310 309 307 285 281 250 
102 112 116 115 115 117 120 124 128 140 143 148 166 171 178 179 181 182 184 182 174 169 168 162 156 149 148 152 162 164 158 145 143 141 136 135 134 133 131 130 129 128 117 114 103 101 100 99 100 101 
55
239 264 297 298 294 289 284 279 268 260 254 248 246 244 243 245 247 248 255 258 274 278 279 283 286 289 292 305 309 311 313 319 321 322 323 322 321 320 318 315 311 310 312 313 325 327 328 327 326 325 
115 125 128 132 135 136 140 136 135 135 136 140 144 150 164 168 172 175 181 182 183 182 180 178 180 182 183 184 183 182 181 174 170 165 154 149 145 143 142 138 135 133 129 128 127 126 124 116 115 113 
56
254 248 248 251 248 245 243 246 255 261 271 273 287 284 284 287 286 280 270 263 258 259 264 268 271 275 295 296 299 310 308 309 312 316 317 287 285 286 290 293 294 294 288 281 283 284 282 279 275 258 
81 90 104 109 112 117 122 142 150 152 156 160 163 151 147 142 132 127 128 138 132 125 119 120 122 123 127 149 157 113 101 94 92 91 82 80 82 91 92 94 103 106 111 107 104 91 87 82 80 80 
57
245 246 274 287 284 281 276 259 256 253 253 266 269 273 275 278 280 283 280 277 274 271 269 267 262 260 258 257 258 259 261 268 270 274 277 280 283 287 290 298 299 300 301 303 305 307 308 307 287 259 
110 122 123 126 137 135 134 134 135 139 146 146 145 147 148 150 151 153 155 156 157 158 159 160 161 162 163 165 172 174 175 174 173 172 171 170 169 170 186 185 184 128 126 125 124 123 121 113 112 111 
